3
100
29 18 8 86 27 70 24 40 64 40 95 2 40 15 82 49 19 2 58 95 57 77 28 15 22 38 33 33 33 51 97 37 61 92 47 97 52 48 96 42 90 79 90 7 74 40 8 19 22 13 72 6 67 72 43 40 63 38 98 28 14 95 90 40 92 33 51 41 52 63 67 88 95 20 28 38 75 90 78 46 95 84 68 63 100 39 7 76 93 61 32 76 77 15 7 41 30 49 20 63
74 86 25 93 76 49 39 89 3 37 97 13 66 54 34 71 61 76 84 38 28 84 8 31 92 17 73 6 89 13 41 65 73 100 55 25 56 24 75 27 19 18 32 34 19 19 31 83 57 42 34 52 72 77 51 81 99 45 99 37 59 86 88 48 77 82 87 4 64 13 65 96 8 21 35 57 63 77 65 13 56 37 2 79 91 62 56 73 10 40 6 65 81 9 81 2 64 76 64 39
100
19 98 67 75 79 1 32 37 24 60 52 54 74 63 8 3 91 16 69 16 96 12 32 28 94 87 28 2 13 59 76 26 25 97 83 19 27 85 77 92 28 67 30 72 79 35 2 50 99 3 89 99 63 7 75 58 73 53 36 70 13 21 95 56 31 11 62 11 20 88 18 30 89 46 88 49 19 46 97 94 23 85 93 18 97 56 24 33 92 30 30 25 78 30 34 27 51 45 12 98
80 27 36 24 45 42 78 42 65 69 16 38 7 36 14 40 77 98 89 95 45 81 73 62 56 88 71 2 29 85 48 51 67 76 24 79 9 24 59 52 73 98 12 13 28 26 16 28 52 23 17 9 13 47 71 39 65 11 97 94 62 57 64 31 68 10 10 67 59 62 24 9 13 10 47 14 71 85 34 58 42 75 17 21 19 41 31 38 88 38 55 58 40 67 55 33 43 29 75 88
100
11 49 44 11 45 63 38 48 10 95 94 48 40 91 86 91 42 49 47 38 61 65 80 42 17 55 68 9 88 87 45 52 12 8 38 78 27 63 98 87 22 57 50 7 6 49 14 40 38 58 16 51 6 17 61 19 64 91 42 44 46 93 46 57 76 94 56 48 54 85 61 72 87 5 7 16 25 16 78 100 48 90 94 96 60 27 4 79 60 3 84 38 71 40 21 48 37 7 47 19
17 84 21 55 40 58 55 33 96 15 60 24 77 49 67 12 33 78 44 6 63 23 74 39 76 46 81 1 94 31 22 21 26 9 63 63 68 81 51 49 29 3 77 6 84 51 71 44 83 43 63 9 58 31 88 44 42 65 65 9 55 74 21 22 84 91 35 1 71 31 2 89 61 61 15 85 43 64 68 73 70 76 32 50 43 80 41 24 52 89 5 63 22 68 7 25 24 55 1 82
